$ANSIBLE_VAULT;1.1;AES256
34333365643933643632353766656631323430616665393764393633323964616165646332396234
3134623564363532393138666135623863373066623836640a643366396138333538333138653766
30663766663534633036376532383230373333353161323531366534356537633938376638643661
3938656364653165330a373931353434366133306134353163386139376663313535666132663365
38343930646333353436376231333964323031326634303738623535373164376539653538383236
66313539396664353664616137386236366462653233306534323635646536373765336565386264
32626137393033313466613266316531343534613631313132646466633439393566383239306536
62326537316536353336613561633333613262386335663937306263643436623366313866353633
64626638393865666639373762396262383737653030303065333266663365636162306537623138
65373532303834393135333230303461333430353038356366613438336266306432346237343439
38373237386236356535343733303935313131363961663561616263363161636133643834353766
33613563356437613634333766346461316538363166323432343638306630646364316333326434
31643365323264336537653634363938353964383165386265353334353761316163313164323361
66353462363439376339663866326430366365393539363539643766656335663461383665313433
66363865316436303065626438376661353863666630653662393037353963383030623031356333
65303163333339653237623932383537363265623666373466663963633236343063353535613631
64333736383966663535643366396261366361336662306533663564313834613764653236346639
38653538303064383561303239633865616261666561323663366261643264393139353830353564
37643164366266633263313836333932303863313532613430623731363435646633656534326637
31336535306230643664326335643263653938336235656332366265376338666631633135383638
30643334363665396636656536636165666332353565623931666636636662303232356361643337
61653837646133643533346164663736663866326330646437633465346662366336366538303662
36396136353532333335623162356434313765383339306134303034363337303764303261343062
39656266666664356162306534373934616433313861303763363064343964636564316131313234
66643664663935326361633964663563636139663738316265653035303533343736326663306132
33613432376535613361373630643536663232336664326239343238323930656238363861653538
37373737646663373936623265333935646332626131643039313864316561336639643832323031
31356632623430303632353764363138356438336262393263316637656563616164356165613033
33386362623337326561376536316133346438366232363635613536363465373338373561326663
62656331623539613838643330313332363466393261376532646530393037303038666132333831
62663533346265383238356166323037643031326233333264346561396364666464333063626533
65613530616338643961616162326337626164343630393165636264343931363964613864613033
39333462336366616462663434656438313036646637393538366139656336383333343062336532
30323739363933336266326136383930643162313262653262383139303931626639356338346666
65323532623634323763626165663034313638376634663866323039623763376539393431306433
66303835343566323333383032633539306336643861333137336661333466616334663636353065
66613661636633613662666561323136666663323663313837343837623466333037633738633065
66643036363235386463623830386538643361363132616634663332396265396333646233346365
35383236306565323862643930646633663266303736316233626532343733643230383163663662
35613031333061336333356239353834326238663130636530386338353832383662613366306334
39313634376239393638343263383864393238323930323133366166323432313638646634303338
37323338376237653666336631393865653261376134346363656437656261303563343431303461
34373138613334343031313437343863333461303631613364336134646362623836353264623563
34633634373034623465336465346662656237633163353038633866636265623661666665316432
66333036373031346533303265363131393438633664623231383238613038643737313863623561
62333730646534396136383238363431373030316164336535353032623037633561623463306461
37316265623330663563303136623732376134316162613263326663646133623963303930383233
35646133666332343339326565343532306564383135643530623232666232346161313534656139
32626231643164323334303430366235393032396463663834396437636335633037313134653838
63366261323164663364643232336139666338633362366264346135663937636238316537326462
36336634623839373164376161653132376366643438316363373963623430656230383434306261
38303433373734393731656430373533306232346630363232396236326434383563633463343562
64663132316366643566373539323061666564666264656437306331326638333139646564353336
64376661653962613634303533323730646637363630346330343865353738393139623136396461
65396334633035623662346561663633653330646638623863323963643833623132646134363133
33303466326365386662613533653935646139666536613963616132396339356439343034323231
66353834363164643265613161613134343135613435623431383061666532316235303238323636
33623239383865653631666637636563653461613236626466363763303138366363356634633864
31383939376233623861386132393130636362333266393365393836303639363766376532313364
34323535306366383434376234393564366461303135626662636334663636306163626564633765
66323535636230646163363964653466353465626634623339313233386661613130333634333663
36663130313766313964633830663961613762346533666132343061633434306536326336353334
36343164656633346165626236646166666266653139623531363766316631393934323733343130
31376234663639353765373931333939663465326266343134646438303931383239343361633230
61643431396631313361346665313865386431613761663339623234346166373939333539643938
35663132643737663631616361343736613733376435323063373432396462633632346661343239
36626165316533366466663164396562633933386130646131623731616531663766323436313437
37366466353434353730633234323034333164663232623830323635633263653062313365396431
34656537623566393763343734393462353263376666393265306631643830373031663761633335
38326162633931633435613231393333383238343032333466353731393235316562366562313635
62333565326133373330656635376566393262613835306537353263313438653832376262353766
37343236633137333862373330633535616233623630643139323664373134356364353134643835
31393364343861653565646335656439326133343632396239323335303938356634376431336262
64343334323836303464333035316331383036633636363137323033323935663734653065633130
65633036663334613965393837623434666165636134326262666466363961306363306534306566
39333761623266303363333662363634333038323737666230613063626336623735613062633539
64333635636438343634383036623639613030326337333431623139646631623661353464633930
31313865306536613663333664643931363162303365636635333938336133623363386162353866
35306334373437383463376164306537616665643765396235616461626263343865356162313765
63333262613536616662313366303564623162663734356361643362383763393362636331626535
65323563326332663236363262393133376639313639376364626239656634613463383163373735
34376566626338653965396461393536653139626135366266393435623961613738396336343635
64643935326237633731316562643661626335656331663335316439626630633662656163613635
36303164363462383266616532643134653137613333623039663838333233613433633564323133
35666437623434313032303130303037363836323266366438316434623731633663633633303531
34663937663939373536616462653565346661656161306239353963626430616330363262383732
31663530313666323138336136616161366332663738313966643565316537376461663938373730
38316362356437323265316235313130363263393135343862313964323237653133313039333266
30306362383232633532633535623533303366613336323535326665393531653766333961633463
63636362353865323435396661336561323136353534666165623235353132333830633163653331
33666465363136316464336663383432366634653663653462333731653331313262316435643966
37376365646534633761343765646536313736356433646534656462663833666133353263333266
62333639343630343639393061653530343337633537366534306265653937343265653834666130
38343061343431636665653566333966373161383838643566616661366631326136386235363037
64336137326235353862313562663239323138653131333837333338353137653133366432616339
35353036373134323838613561306263333439326636363230636166646135666131306634343438
33613239336334613064356236613230616361356661306537343162343132393634613639633264
34656662316663343165353233643061313764323838373639353866336330356332306464666532
65386533653138646237346232383036613937396562326236356335323665613062373538303634
32306163313361343738373662326532303564313964653536633536346230383537626534613737
38343437343735383562333566636363616532316365346438356463373031353465616661363935
30613632386634633336663861626661633735303834643663363537373837633565303166313763
63303765383134393031636465396630376364613530656263643662363733633163323531356537
32643430376665616565653165353135343635663934616561373431656531353136663534393863
37346264366264356235366565303866616139656331383139663138666466666238656436313734
34303731613033643361363665363537356530353063653031666166396563613436326430663833
61356464623762623236343935346332383134653830396563313034393631363465303262636465
63636462383462616464376130666536353931313533353535653230663936626462376565346539
34356537353439383831306239333966643037376434353932636533623139656235383535363835
30336537376264366233326635316234666361323264393230626536636366323234333963396261
32396233663965313862623638393738653134636538323031626534363237363530366534353264
31343236613231343234303436383562623463346431393639303634373030383462643631393538
38313133626333376138353564656333343533303834356235616235333363383962643065393634
61646365616661336131383761383334643135363430326632363837623236343032643461656632
66336236643230663137656233653966343362643632623532356238623331633935383232663764
35316265343730303534656634336236396534306433643833326563613536643962616538663134
63633533613566333866326531633633353566653765396563396339333330643432386166373162
61303463393335613063353434383765343935623536656636646139366365303933316566396334
30363431303964623464393430623864323931323039623934386139376161323635383339646464
66373934666637366264333730313535633063343031636235303739646136373062383166616438
62303633373766376163616361363162663336393465363662376665326335653531393331616130
65366334623330333431386662313761626639346531346438643666323636666364316531306563
36643730636631646333663262353962383062623066633035366438333036666137393066623066
65653063326631383035323365613962643735373831646264313632383862336362393436383437
64306634663162316539613965633038303237663761363835373134343366373438353538383866
37356466363436333335303362393036626136636437616639346566373562323632666339366365
37636363383339313138363733353663613961333032626236636539336431303835623137626232
61666630346435623535336164373933353131326163653365663362623333316266643634666262
37303665346564396232613132643933326162303231636130313663633635663138613530303966
32376232633137373666393064303535373831666234393833313764393462633632633938653735
62326138366261323538636662393931653663633634303463623933633336653534306638333762
30633533636138373832663933626433663338623461363265326438356634333564383166656163
38373433373934623262653766323435386265633264383837646339643137633361396631643439
62326330383435633234636430646337386337343531373065343733316165386363666265333631
38343039363831303034376335316335653033316635333963656435633331643733623963373763
33303565643366666336613735393765383531393133613065643565383038353965666631303033
66326439353837386666343863663033656237333237353061343166376331313763373634636336
36643238643239346332343834366530626136623866663236323763323538653262623630653664
66366434363737623161323362323765656565663037366264396136613832346630653034363739
38623763653433626332633932366131303731623566613532383663643935306539386365663061
32373434373633323438623834663034663566616333313235656537396237373037663039663932
32383432633039346439316162663433623462346236313264623465393539653366663066306634
36656231623462386633616235333934343537333261323331343039393830373365323130633131
63626265396261313430663538613161646565376231613463313531616330346166343461343262
37616138386639313135383264303661663166326431633264613733336231653038616337623734
37376635333762306136666337646636393064376361323338326365376631343332333238393538
63396437383332336232356139393032386636386635396335353637623933643133363535333532
66613432323630396337333766333665623433623936363261323434366332363863663234333736
62623065333239653533613637643965663531333964613535663930376366396465643664326363
38373632353366626533666539666438653261336632363662616665636430373862313963383564
30323136303738313836653831356262643865666231386537613234333631626161656133306137
30623264396638343635633434333664316137376366366662353464653836613862366336383934
64336262623235326461636163386330303532656133383561313064623165346233323665363361
37616433373330353064616464373634303530343536333430343436616639633964323862326665
63663531343664613264323739643737636533326334333832303662616361336264306665356231
35393131333232326261353664353032643539373164393265356138386461303830336362363763
64383966646133383465636334383861663566366630633439383764336631326164396361303833
35313365393839623335656231323134386362653236316533623334636436366331323262333562
61333134366538366638343934303434373838653737333630356661616161653938623233633232
37396335323561326632333033643234346631346261306264656530313565613237393137613164
63383835663032386563356263386331353566623634356337323230313635326635653030653730
62313261333639303239663839383539336630653239343637613732326635363336626565306662
63373665306665386137626436313432316632663535376164303962613337383830323533653866
39623130646163366639353336343032623663626465343733366636366361386239633963353432
37326663646133656634343634323739616564366334336363356233376134393139313238373663
3061323838363964626664306634376437313630306332663034
